[app/ui]
version = 5.0.3
modtime = 1380316496.649784000

[app/launcher]
version = 5.0.3
modtime = 1380316496.651741000
